TEfam	replicate	trunc_start	trunc_end	average_hq_cov	average_hq_cov_outside_truncs	coverage_ratio
PPI251	R1	1688	1831	1336.73321759259	1004.222414087	-33.1112708540661
PPI251	R1	1487	2042	1264.74595323741	1004.222414087	-25.9428126175876
PPI251	R1	1491	2044	1264.49894705174	1004.222414087	-25.9182158567306
PPI251	R1	1492	2045	1264.38793622142	1004.222414087	-25.9071614499809
PPI251	R1	1826	1857	1259.40364583333	1004.222414087	-25.4108281359493
PPI251	R1	1483	1597	1255.61449275362	1004.222414087	-25.0335060381195
PPI251	R1	1830	1858	1255.11494252874	1004.222414087	-24.9837610595291
PPI251	R1	1563	2390	1174.72041062802	1004.222414087	-16.9781110388803
PPI251	R1	1564	2390	1174.65084643289	1004.222414087	-16.9711838687481
PPI251	R1	1564	2391	1174.28452093398	1004.222414087	-16.934705346284
PPI251	R1	1804	2295	1162.67242547425	1004.222414087	-15.7783782919551
PPI251	R1	1805	2295	1162.16395112016	1004.222414087	-15.7277446527374
PPI251	R1	1805	2297	1161.38336713996	1004.222414087	-15.6500144637619
PPI251	R1	1805	2298	1161.01417004049	1004.222414087	-15.6132499886522
PPI251	R1	1411	2491	1159.01110083256	1004.222414087	-15.4137852904116
PPI251	R1	1340	2561	1146.36327059465	1004.222414087	-14.1543202495513
PPI251	R1	1968	2340	1102.41689008043	1004.222414087	-9.77816015814577
PPI251	R1	1968	2342	1101.18733333333	1004.222414087	-9.65572147027665
PPI251	R1	1516	2666	1100.03562119896	1004.222414087	-9.54103451266448
PPI251	R1	1557	2655	1095.16954807401	1004.222414087	-9.05647321860346
PPI251	R1	716	2231	1042.53111257696	1004.222414087	-3.81476234274074
PPI251	R1	712	2230	1041.89313144613	1004.222414087	-3.75123247904912
PPI251	R1	710	2233	1041.60203412073	1004.222414087	-3.72224514304582
PPI251	R1	710	2230	1041.57796405873	1004.222414087	-3.71984825748899
PPI251	R1	2015	2433	1036.8331344471	1004.222414087	-3.24736033598101
PPI251	R1	2018	2435	1035.10227272727	1004.222414087	-3.07500193254933
PPI251	R1	687	2123	1029.29685687775	1004.222414087	-2.49690132773499
PPI251	R1	655	2013	1014.61601667893	1004.222414087	-1.03499010240435
PPI251	R1	591	2413	1013.45497348693	1004.222414087	-0.919373962422071
PPI251	R1	589	2411	1013.33177911867	1004.222414087	-0.907106324642911
PPI251	R1	490	2432	997.033281866529	1004.222414087	0.715890436184949
PPI251	R1	490	2434	996.894215938303	1004.222414087	0.729738556509233
PPI251	R1	488	2432	996.718037703513	1004.222414087	0.747282303025813
PPI251	R1	486	2436	996.141594054331	1004.222414087	0.80468429297305
PPI251	R1	331	2257	980.045320878741	1004.222414087	2.40754367450005
PPI251	R1	331	2258	980.040629322268	1004.222414087	2.40801085750716
PPI251	R1	300	2198	973.341012813762	1004.222414087	3.07515554722191
PPI251	R1	204	2447	962.364490493167	1004.222414087	4.16819252455069
PPI251	R1	141	2569	953.515850144092	1004.222414087	5.04933600680602
PPI251	R1	140	2569	953.486454046639	1004.222414087	5.052263256491
PPI251	R1	138	2569	953.427083333333	1004.222414087	5.05817536445366
PPI251	R1	239	2721	953.410289971808	1004.222414087	5.05984763956816
PPI251	R1	141	2571	953.407891128479	1004.222414087	5.06008651526892
PPI251	R1	239	2720	953.40488181574	1004.222414087	5.06038618122909
PPI251	R1	239	2719	953.401652559452	1004.222414087	5.06070774906536
PPI251	R1	239	2718	953.398420698925	1004.222414087	5.0610295762305
PPI251	R1	137	2569	953.394677353062	1004.222414087	5.061402336867
PPI251	R1	239	2717	953.394345838376	1004.222414087	5.06143534894498
PPI251	R1	238	2717	953.358165322581	1004.222414087	5.06503818784677
PPI251	R1	236	2717	953.28475020145	1004.222414087	5.07234883139546
PPI251	R1	138	2044	946.907315154693	1004.222414087	5.70741084129448
PPI251	R1	140	2040	946.525600561108	1004.222414087	5.74542180263435
PPI251	R1	138	2040	946.4570415134	1004.222414087	5.75224888065478
PPI251	R1	2136	2666	928.600753295669	1004.222414087	7.53036973986359
PPI251	R1	2138	2668	927.880728185813	1004.222414087	7.60206950475185
PPI251	R1	2138	2666	927.737555135476	1004.222414087	7.61632661038192
PPI251	R1	268	1722	885.768900343643	1004.222414087	11.7955456960253
PPI251	R1	268	1720	885.20406056435	1004.222414087	11.8517921780167
PPI251	R1	265	1718	884.44641219624	1004.222414087	11.9272384494284
PPI251	R1	164	1376	769.82536411102	1004.222414087	23.3411490012487
PPI251	R1	152	1373	769.730496453901	1004.222414087	23.3505958783337
PPI251	R1	165	1376	769.725041254125	1004.222414087	23.3511391045851
PPI251	R1	126	1283	747.939694876223	1004.222414087	25.5205137443364
PPI251	R1	129	1283	746.351515151515	1004.222414087	25.6786639411882
PPI251	R1	130	1283	745.843298671288	1004.222414087	25.7292719014466
PPI251	R1	132	1283	744.829282407407	1004.222414087	25.8302471684448
PPI251	R1	133	1283	744.332319721981	1004.222414087	25.8797344810616
PPI251	R1	135	1286	744.064308449074	1004.222414087	25.9064229187171
4PPI251	R1	134	1283	743.84115942029	1004.222414087	25.92864399501
PPI251	R1	135	1285	743.822256009267	1004.222414087	25.9305263878701
PPI251	R1	135	1284	743.588043478261	1004.222414087	25.9538491625584
PPI251	R1	137	1287	743.377425427165	1004.222414087	25.9748224099328
PPI251	R1	135	1283	743.354438642298	1004.222414087	25.9771114232574
PPI251	R1	137	1286	743.131014492754	1004.222414087	25.9993598959473
PPI251	R1	137	1285	742.88772845953	1004.222414087	26.0235862057578
PPI251	R1	136	1283	742.874491869919	1004.222414087	26.0249042991827
PPI251	R1	137	1284	742.652293844367	1004.222414087	26.0470306750169
PPI251	R1	137	1283	742.41746585295	1004.222414087	26.070414736966
PPI251	R1	137	1282	742.192481093659	1004.222414087	26.0928186144472
PPI251	R1	292	876	737.669515669516	1004.222414087	26.5432134035593
PPI251	R1	293	876	737.64825913242	1004.222414087	26.5453301196171
PPI251	R1	762	1064	734.442519251925	1004.222414087	26.8645562029554
PPI251	R1	243	1238	732.425451807229	1004.222414087	27.0654148390903
PPI251	R1	444	502	705.25988700565	1004.222414087	29.7705491221442
PPI251	R1	1087	1238	702.816885964912	1004.222414087	30.0138220272764
PPI251	R1	1252	1278	666.83024691358	1004.222414087	33.5973547732617
PPI251	R1	1255	1278	664.447916666667	1004.222414087	33.8345861090191
PPI251	R2	2609	2766	405.353279631761	315.457933970256	-28.4967775354735
PPI251	R2	2507	2543	332	315.457933970256	-5.24382627551978
PPI251	R2	2490	2559	326.737662337662	315.457933970256	-3.57566799016378
PPI251	R2	1898	2321	240.748284734134	315.457933970256	23.6829197147935
PPI251	R2	1715	2036	233.927442123094	315.457933970256	25.8451232533746
PPI251	R2	1712	2034	232.684773430903	315.457933970256	26.2390485785522
PPI251	R2	185	2563	176.012686766785	315.457933970256	44.2040703964729
PPI251	R2	214	2619	175.94857553087	315.457933970256	44.2243936247108
PPI251	R2	189	2563	175.4035215311	315.457933970256	44.3971754574291
PPI251	R2	190	2563	175.249904265911	315.457933970256	44.4458720501114
PPI251	R2	193	2569	175.192603357938	315.457933970256	44.4640364079553
PPI251	R2	193	2567	175.058717703349	315.457933970256	44.506478090402
PPI251	R2	192	2563	174.947340180898	315.457933970256	44.5417847067388
PPI251	R2	193	2563	174.79935585292	315.457933970256	44.5886956612728
PPI251	R2	370	2659	163.236959110758	315.457933970256	48.253969378323
PPI251	R2	372	2659	163.131794342022	315.457933970256	48.2873065549833
PPI251	R2	304	2459	151.391971664699	315.457933970256	52.0088242006386
PPI251	R2	309	2459	150.732893791471	315.457933970256	52.2177515415784
PPI251	R2	310	2459	150.60266384778	315.457933970256	52.2590343655835
PPI251	R2	314	2463	150.365623678647	315.457933970256	52.3341759751636
PPI251	R2	314	2462	150.29683996785	315.457933970256	52.3559803754941
PPI251	R2	313	2460	150.287370915863	315.457933970256	52.3589820600192
PPI251	R2	314	2461	150.226764855256	315.457933970256	52.3781941495182
PPI251	R2	314	2460	150.15857221493	315.457933970256	52.3998111808187
PPI251	R2	314	2459	150.088579174786	315.457933970256	52.4219989379193
PPI251	R2	206	1634	138.23684712768	315.457933970256	56.1789917952376
PPI251	R2	207	1634	137.968232747645	315.457933970256	56.2641424131519
PPI251	R2	210	1637	137.132480264833	315.457933970256	56.5290755128818
PPI251	R2	210	1640	137.086335048599	315.457933970256	56.5437035222817
PPI251	R2	665	2559	135.603454065723	315.457933970256	57.0137760179115
PPI251	R2	525	1326	81.1314894581728	315.457933970256	74.2813602951503
PPI251	R2	526	1326	80.8541595732607	315.457933970256	74.36927372355
PPI251	R2	527	1327	80.498581318806	315.457933970256	74.4819918441499
PPI251	R2	529	1328	79.8876136363636	315.457933970256	74.6756682797852
PPI251	R2	529	1329	79.8253319713994	315.457933970256	74.695411534989
PPI251	R2	529	1330	79.7636590342326	315.457933970256	74.7149618237995
PPI251	R2	527	1440	74.8357867515417	315.457933970256	76.277094758822
PPI251	R2	533	1440	73.4318181818182	315.457933970256	76.7221520607746
PPI251	R2	614	1546	53.0391698333821	315.457933970256	83.186610916439
PPI251	R2	614	1544	52.9551801581877	315.457933970256	83.2132355995266
PPI251	R2	617	1546	52.3936461388074	315.457933970256	83.3912415898382
PPI251	R2	617	1545	52.3470006849985	315.457933970256	83.4060281742877
PPI251	R2	618	1548	52.2710672785861	315.457933970256	83.430099024387
PPI251	R2	618	1546	52.177512476759	315.457933970256	83.4597558476121
PPI251	R2	618	1545	52.1305838557994	315.457933970256	83.4746321959001
PPI251	R2	619	1546	52.0070532915361	315.457933970256	83.5137913201322
PPI251	R2	747	1779	47.7795476546687	315.457933970256	84.853908394907
PPI251	R2	756	1779	46.7551491477273	315.457933970256	85.178642185574
PPI251	R2	769	1785	46.6101725216769	315.457933970256	85.2245997001706
PPI251	R2	765	1782	46.3566708340775	315.457933970256	85.3049596024906
PPI251	R2	769	1783	46.1811016569637	315.457933970256	85.3606149397662
PPI251	R2	770	1782	45.9814233150857	315.457933970256	85.4239128696566
PPI251	R2	769	1782	45.9662901201363	315.457933970256	85.4287100845369
PPI251	R2	764	1779	45.919201861131	315.457933970256	85.4436370380018
PPI251	R2	768	1781	45.850277927201	315.457933970256	85.465485888992
PPI251	R2	765	1779	45.8170174652933	315.457933970256	85.4760294380127
PPI251	R2	769	1781	45.7550031409854	315.457933970256	85.4956879463683
PPI251	R2	767	1780	45.7399139322216	315.457933970256	85.5004712176507
PPI251	R2	766	1779	45.7170521785906	315.457933970256	85.507718381589
4PPI251	R3	152	1048	960.838654099524	884.631152056283	-8.61460755322712
PPI251	R3	164	1049	955.859224297148	884.631152056283	-8.05172552145584
PPI251	R3	164	1052	954.806217404643	884.631152056283	-7.93269208135401
PPI251	R3	318	1157	868.40974025974	884.631152056283	1.83369212793795
PPI251	R3	2552	2855	863.540968899522	884.631152056283	2.38406516746991
PPI251	R3	2292	2849	806.029977191268	884.631152056283	8.88519183190766
PPI251	R3	2295	2846	805.247035573123	884.631152056283	8.97369669818161
PPI251	R3	2290	2846	804.592622817039	884.631152056283	9.0476724737986
PPI251	R3	65	2585	798.070390537665	884.631152056283	9.78495515531093
PPI251	R3	294	1465	790.069422897921	884.631152056283	10.6893962459447
PPI251	R3	296	1465	789.564724164724	884.631152056283	10.7464481293228
PPI251	R3	296	1468	789.098271719755	884.631152056283	10.7991765963098
PPI251	R3	136	2437	784.909288365848	884.631152056283	11.2727054048048
PPI251	R3	152	2411	781.331898632341	884.631152056283	11.6770987754419
PPI251	R3	155	2411	780.631006565433	884.631152056283	11.7563286403725
PPI251	R3	156	2411	780.401555448098	884.631152056283	11.7822661304554
PPI251	R3	156	2413	780.376439326838	884.631152056283	11.7851052935577
PPI251	R3	156	2414	780.3672179967	884.631152056283	11.786147686211
PPI251	R3	156	2415	780.359090909091	884.631152056283	11.7870663840875
PPI251	R3	214	2059	773.662858268492	884.631152056283	12.5440183210653
PPI251	R3	218	2063	772.497192947897	884.631152056283	12.675786834743
PPI251	R3	219	2063	772.259177137226	884.631152056283	12.7026924902943
PPI251	R3	220	2064	771.970386794777	884.631152056283	12.7353377732212
PPI251	R3	221	2065	771.670411431387	884.631152056283	12.7692474272836
PPI251	R3	226	2757	769.492567858682	884.631152056283	13.0154340518042
PPI251	R3	205	2563	768.908744074916	884.631152056283	13.0814303466903
PPI251	R3	304	1640	768.5373631604	884.631152056283	13.1234117887471
PPI251	R3	206	2602	768.001175712064	884.631152056283	13.184023202565
PPI251	R3	307	1642	767.765446379967	884.631152056283	13.2106703912322
PPI251	R3	307	1676	765.718115461181	884.631152056283	13.4421036743613
PPI251	R3	231	2474	764.43356020094	884.631152056283	13.5873116808005
PPI251	R3	240	2684	763.724223833426	884.631152056283	13.6674961018289
PPI251	R3	244	2688	763.258895705521	884.631152056283	13.7200974743697
PPI251	R3	244	2686	763.171510437986	884.631152056283	13.7299756328917
PPI251	R3	288	2043	758.799544419134	884.631152056283	14.2241890696093
PPI251	R3	300	2731	757.435331937799	884.631152056283	14.3784016448916
PPI251	R3	303	2733	757.165364047717	884.631152056283	14.4089192102582
PPI251	R3	282	2611	755.333593445181	884.631152056283	14.6159852397867
PPI251	R3	370	1659	754.34052149401	884.631152056283	14.7282435464113
PPI251	R3	314	2459	751.24697110904	884.631152056283	15.077943009038
PPI251	R3	527	1420	746.989831197885	884.631152056283	15.5591763345048
PPI251	R3	527	1423	746.586399108138	884.631152056283	15.6047808883133
PPI251	R3	2226	2281	743.936688311688	884.631152056283	15.9043080743378
PPI251	R3	406	2262	740.486904587066	884.631152056283	16.2942766749917
PPI251	R3	399	2384	740.010848667948	884.631152056283	16.3480907327502
PPI251	R3	400	2384	739.893840164873	884.631152056283	16.3613175451684
PPI251	R3	403	2385	739.553752349516	884.631152056283	16.3997615695017
PPI251	R3	403	2384	739.534905054582	884.631152056283	16.4018920953023
PPI251	R3	541	2564	725.333587854833	884.631152056283	18.0072297738069
PPI251	R3	555	2647	724.900360509056	884.631152056283	18.0562024269596
PPI251	R3	1742	2220	724.675650028468	884.631152056283	18.0816040285271
PPI251	R3	1735	2216	724.462844209732	884.631152056283	18.1056599096976
PPI251	R3	1738	2216	724.285443158094	884.631152056283	18.1257135841839
PPI251	R3	1742	2217	724.218678380443	884.631152056283	18.1332607723534
PPI251	R3	1740	2216	724.178197064989	884.631152056283	18.1378368394927
PPI251	R3	534	1995	721.491543340381	884.631152056283	18.4415401081787
PPI251	R3	535	1991	721.373369938229	884.631152056283	18.4548986024931
PPI251	R3	1471	2599	716.36387792898	884.631152056283	19.0211789101225
PPI251	R3	648	1902	696.716696848968	884.631152056283	21.2421250111436
PPI251	R3	649	1902	696.452588081775	884.631152056283	21.2719802526846
PPI251	R3	656	2145	696.282062233069	884.631152056283	21.2912567441702
PPI251	R3	656	2144	696.240735087612	884.631152056283	21.2959284251709
PPI251	R3	650	1902	696.184720307625	884.631152056283	21.3022604178728
PPI251	R3	652	1905	695.660214586052	884.631152056283	21.3615513122025
PPI251	R3	652	1903	695.648634911414	884.631152056283	21.3628602955693
PPI251	R3	1423	2191	694.895259486937	884.631152056283	21.4480229560438
PPI251	R3	1423	2188	694.618561595063	884.631152056283	21.4793012906617
PPI251	R3	1423	2187	694.518954248366	884.631152056283	21.4905610508979
PPI251	R3	1419	2188	694.242739079103	884.631152056283	21.5217848178454
PPI251	R3	738	2357	686.196745230079	884.631152056283	22.4313157370677
PPI251	R3	981	2691	682.529089846448	884.631152056283	22.8459128688899
PPI251	R3	984	2690	682.353304574746	884.631152056283	22.8657838932477
PPI251	R3	981	2688	682.174632744305	884.631152056283	22.8859812184296
PPI251	R3	923	2482	671.152331002331	884.631152056283	24.1319583374077
PPI251	R3	798	2213	670.240755007704	884.631152056283	24.235004221843
PPI251	R3	802	2216	669.737680693864	884.631152056283	24.2918724784797
PPI251	R3	949	2337	661.872701093003	884.631152056283	25.1809412821929
PPI251	R3	951	2338	661.760217448258	884.631152056283	25.1936565980039
PPI251	R3	953	2339	661.668086779839	884.631152056283	25.2040711835862
PPI251	R3	747	1746	659.830181818182	884.631152056283	25.4118306500469
PPI251	R3	1069	2350	659.418167635796	884.631152056283	25.4584053361664
PPI251	R3	1069	2349	659.36839117167	884.631152056283	25.4640321405142
PPI251	R3	1065	2351	659.33460478915	884.631152056283	25.4678514026373
PPI251	R3	1069	2347	659.287795863245	884.631152056283	25.4731427521219
PPI251	R3	1068	2347	659.247230113636	884.631152056283	25.4777283638217
PPI251	R3	1069	2346	659.246621140987	884.631152056283	25.4777972029812
PPI251	R3	1067	2347	659.215243772621	884.631152056283	25.481344146619
PPI251	R3	1066	2347	659.18231456531	884.631152056283	25.4850665124022
PPI251	R3	1065	2347	659.155388648764	884.631152056283	25.488110257412
PPI251	R3	751	1749	658.727090727091	884.631152056283	25.5365256812502
PPI251	R3	751	1746	658.471613727638	884.631152056283	25.5654051751341
PPI251	R3	769	1781	656.902270483712	884.631152056283	25.7428060320085
PPI251	R3	1152	2193	656.444512301518	884.631152056283	25.7945516868082
PPI251	R3	1151	2192	656.207293666027	884.631152056283	25.8213672285105
PPI251	R3	1362	1697	636.322510822511	884.631152056283	28.0691721805852
PPI251	R3	803	1671	636.103567318757	884.631152056283	28.093921874652
PPI251	R3	1362	1696	636.098507462687	884.631152056283	28.0944938481868
PPI251	R3	804	1672	635.936604247306	884.631152056283	28.112795624583
PPI251	R3	980	1798	621.382062382062	884.631152056283	29.758062336185
PPI251	R3	882	1392	604.927059242128	884.631152056283	31.6181599714182
PPI251	R3	894	1392	600.417198032428	884.631152056283	32.1279612823054
PPI251	R3	895	1392	600.015151515152	884.631152056283	32.1734092089743
PPI251	R3	898	1393	598.825879765396	884.631152056283	32.3078462279501
PPI251	R3	901	1393	597.721740733911	884.631152056283	32.4326597198691
PPI251	R3	903	1394	596.966925351072	884.631152056283	32.5179851553441
PPI251	R3	903	1398	596.900476539589	884.631152056283	32.5254966262354
PPI251	R3	1075	1720	595.984801576133	884.631152056283	32.6290058641057
PPI251	R3	1074	1720	595.954756217507	884.631152056283	32.6324022354132
PPI251	R3	1071	1716	595.151702786378	884.631152056283	32.7231805704586
PPI251	R3	1241	1583	579.371587596077	884.631152056283	34.5069878842322
PPI251	R3	1013	1554	578.126467628313	884.631152056283	34.6477380675002
PPI251	R3	1013	1553	578.022349185011	884.631152056283	34.6595077686982
PPI251	R3	1013	1551	577.772474278968	884.631152056283	34.6877539937449
